84306152539164
86370168350239
119208481913129
117574079633196
75746949002119
83768816338009
97898853555749
135018311294635
83943063538795
131019160553429
132759882381481
93709723216530
119768798946497
118946667355787
115694533094477
118362297271903
116231101283651
116731572139462
120267378058133
125636136707501
78424397783913
134448700161179
82532795132340
116197983114890
74619478585494
107943627772460
115817715173586
92418355711
115288233636434
95631601016620
120322544127249
118709077830152
119791451895696
73221624548171
123418190503573
115535540769752
103290244915002
131093055711725
121864260978331
86543106277221
84055727931038
133518977934949
136300307530231
103611200713230
127094243261332
123622598207106
76132578386495
76748469568032
96173067096695
112355709978731
73883012408965
125938670191268
93657621165101
111063699178716
103946715787346
110958791938835
133698603548761
71154604870724
120475354355445
98506542884122
96643257829653
87986527872535
89000935481839
103386964911221
128961712071619
95044951816322
70721029947605
92392677443258
74413905938120
110600199778103
91825664919227
140151990934035
126739145208334
90888787859288
109053567472793
97574638837693
122039713538884
109184193897016
106729205925685
117909139728666
84434631780133
114880406339804
88417617010573
136154638131600
120314325198233
114302429284484
100695212766656
116149175636401
126465873241944
11903
117928155571957
137155874195108
71757109954034
91479385980514
85849867191348
79194458274413
96620328743505
121086164478797
107169984768188
7028977687
7024143472
5410082097
11809040463
5410086218
96408988449483
126037873562911
111818874589835
133432990940095
111531789034719
121336636707861
79451196298919
99445078556609
88520173558750
123407870112096
77908246695380
121217832855628
76908132937245
119057069494656
118507373399694
134961697937849
94359191964252
128796596999103
111351357978027
9043887091
77315827312523
124282464732390
131532804085254
131093055711725
121864260978331
86543106277221
84055727931038
133518977934949
136300307530231
103611200713230
86985695497221
123288385472146
87255747582252
82342658758361
103365604252684
95655403924847
82420700017552
98637541653069
105270554364768
107771862355041
85012567456507
126163078738709
137188221417776
71382679424973
97898853555749
115694533094477
85012567456507
103577320001069
80001372702345
